   4.0476275994996453e-07	   1.6147582182258073e-05	   1.4745234255681108e-04	   3.0820030737874275e-04	   1.4745234255681108e-04	   1.6147582182258073e-05	   4.0476275994996453e-07	
   1.6147582182258073e-05	   6.4419071152941731e-04	   5.8824552429104582e-03	   1.2295325273033147e-02	   5.8824552429104582e-03	   6.4419071152941731e-04	   1.6147582182258073e-05	
   1.4745234255681108e-04	   5.8824552429104582e-03	   5.3715893547565646e-02	   1.1227529258211054e-01	   5.3715893547565646e-02	   5.8824552429104582e-03	   1.4745234255681108e-04	
   3.0820030737874275e-04	   1.2295325273033147e-02	   1.1227529258211054e-01	   2.3467432992129400e-01	   1.1227529258211054e-01	   1.2295325273033147e-02	   3.0820030737874275e-04	
   1.4745234255681108e-04	   5.8824552429104582e-03	   5.3715893547565646e-02	   1.1227529258211054e-01	   5.3715893547565646e-02	   5.8824552429104582e-03	   1.4745234255681108e-04	
   1.6147582182258073e-05	   6.4419071152941731e-04	   5.8824552429104582e-03	   1.2295325273033147e-02	   5.8824552429104582e-03	   6.4419071152941731e-04	   1.6147582182258073e-05	
   4.0476275994996453e-07	   1.6147582182258073e-05	   1.4745234255681108e-04	   3.0820030737874275e-04	   1.4745234255681108e-04	   1.6147582182258073e-05	   4.0476275994996453e-07	
